459842
837917
700222
295518
216735
226187
334590
25089
309543
491097
946695
898489
392029
174143
839868
951504
77755
726024
219471
798863
9645
176709
55635
314963
355197
733023
906649
18631
178404
69278
149543
185562
151036
717059
417057
976620
531920
687030
834721
371893
481186
681125
434283
256100
881328
702672
708250
275716
376622
381066
11665
555298
815552
690714
49779
178477
50243
610356
169177
67691
923444
296999
395919
355054
344178
675294
211559
473325
336421
335215
397232
639268
241100
21836
76373
128799
350615
910404
757002
434500
569840
18537
27381
52651
675902
625986
176700
142457
808506
941125
766872
277937
962952
595576
767707
484552
990059
851289
636742
751574