611034
628929
402950
537115
783098
343052
90928
751717
368219
178838
970032
895041
700586
292959
525078
27515
350996
140646
270645
336855
949163
927927
685334
641872
174560
299331
172546
951722
538224
87477
420659
336649
405596
546456
747198
941482
492841
330071
719955
696516
239750
12737
438177
145171
381688
131436
809529
735101
221242
296011
681462
264407
77308
800549
878953
173413
946233
295662
696712
106640
351747
949920
998205
726519
207541
736226
415957
717035
653148
268893
341990
926509
562687
928398
104213
724484
676063
285919
772598
206600
128105
680848
264199
96298
726256
914784
591915
660760
188981
429973
445819
959197
321741
340974
105755
174666
906559
335898
913970
529579
147499
883835
508073
903141
600538
863062
32407
353842
944481
806600
111216
97346
913249
283343
351757
657556
898001
268338
914776
157662
15373
72377
123792
975023
994496
770608
468193
401469
838109
373236
142290
426741
66504
893985
155206
539033
347108
705457
703347
647224
566070
198541
492958
470504
94546
56726
878932
262008
900548
33659
469388
929388
768523
598412
974882
965206
987939
892932
991939
662097
196983
514917
61337
579379
344654
914350
343794
410569
852853
712465
5810
927462
911854
361044
428697
287028
463555
771811
564892
626066
116116
368334
142839
157754
801254
267876
656897
628842
874044
803761
416274
64129
484120
559205
531565
795610
159514
758860
593192
994703
812343
24026
466006
627170
315341
973052
715131
98950
473615
459397
997286
446133
989300
1692
199637
113752
96703
791492
129577
899403
448265
984523
889547
978954
486345
571753
620285
202679
168815
198158
21399
539421
552694
870194
392297
743065
391899
685828
373782
543407
338074
710196
917416
80178
3971
563635
136007
172551
528531
568192
856104
40964
831126
218914
365907
851978
39423
412941
407532
587312
304735
768479
480528
707428
368060
568689
162327
400245
58591
440042
980801
527498
953780
632099
543011
481951
384967
410558
180774
648318
916781
598029
459155
160491
722495
645942
680301
856657
93998
31826
104993
264277
692907
733744
18175
185429
824360
119012
332993
439179
284824
36645
737125
279832
390662
957626
382880
235434
905832
583311
877870
212870
208582
973246
610871
371099
297038
85636
939062
920274
391483
518425
807078
489276
498068
483111
405574
545679
644511
854849
733045
343314
68433
971852
392192
549068
751484
226017
836013
147870
53308
418081
931771
526572
266367
191812
640574
703292
785429
869670
434836
112563
172342
445317
381983
593303
241537
267809
929704
124790
39648
673843
944711
269755
773614
398410
788981
625677
12136
829824
442625
699908
41694
270050
578643
983446
800647
992502
197985
536443
752081
398317
970437
798543
510735
957087
76703
240050
971013
509737
267396
574146
279036
525857
830523
874119
850986
576483
871983
481215
252201
454073
772132
553868
545056
917444
209640
23420
789431
196477
245728
358940
38706
245760
237188
435954
272604
792128
807451
65250
965750
927613
604518
231495
835044
155936
312278
822213
444230
134487
474460
623890
511004
996641
457424
119562
447810
334381
949277
341435
409756
806402
798226
18747
582568
271261
64538
470618
680025
604080
420786
727547
530165
181979
6255
39885
715601
154673
202511
939413
150060
425993
603318
898144
348278
958294
290986
733417
708165
310351
191085
474222
137224
772164
516461
466857
355544
665800
585787
27501
363170
93376
534357
596905
710920
48800
627854
294676
489495
524570
904696
630411
466864
398170
919619
297961
179058
149046
805217
189636
285033
454756
645152
660147
883607
12695
533276
695232
257155
20170
517119
769329
509988
357485
934804
159117
913839
254212
938314
75330
520532
516745
643073
304036
790729
736884
7991
827185
444275
745460
170322
510806
589849
375626
37577
514948
735457
206402
957395
133308
334109
377146
464788
89964
439261
60330
413903
443432
954474
8239
517124
35588
281960
877066
975842
221794
508553
5412
2148
289015
506952
76435
137837
829941
939749
395130
833825
673237
377298
313247
220786
975961
271288
612867
137538
823203
230833
669571
734842
3190
68068
392969
615787
314250
485926
396509
314683
363466
575135
739894
919273
679407
671563
73937
1665
969014
481858
541897
605022
631896
951891
84533
133165
635544
522994
982460
47988
227921
132005
12200
359972
178737
661020
318888
149406
471377
575439
264830
744911
698259
435292
827919
393147
161717
444619
462060
530290
729168
364196
965627
217024
328133
454919
175414
853058
97930
347101
20321
924911
587866
918931
120922
330062
510027
22689
346418
431161
193265
169197
446491
116179
18149
199798
84490
665886
244824
67113
200608
507391
431957
113693
630033
640847
588046
919580
186869
368211
343826
49925
879826
101881
869875
218540
441759
281111
984524
629846
560444
856435
335922
152225
884047
558177
73634
76238
396107
99156
134108
224722
640890
971221
729273
104224
526334
898287
898245
517509
240795
147388
909680
297158
458593
16116
213898
294552
849733
258854
318049
758801
745845
531506
98213
378409
64294
266954
867118
357563
236432
463592
737572
308514
281465
358028
194682
131787
78901
325174
55384
117405
606831
282048
42401
79458
354335
513279
859948
148098
841687
883574
98598
362305
810756
891383
237715
885288
682528
394297
868014
796883
425065
229543
824015
368746
107840
160530
274977
947368
368728
599652
594401
718308
188600
440111
137209
987251
154043
229734
258573
788315
726270
223034
44196
208944
998999
418376
959189
226602
105381
684943
812804
177464
940106
429862
486200
418520
935539
606188
737371
524745
673007
840697
502585
162784
402925
910703
270516
530728
657900
851898
173022
598821
661142
349904
302318
931025
263946
358468
331920
821622
715874
402050
734333
162610
474951
408247
790451
610245
221812
957469
147620
16159
521440
334318
686200
715095
655900
651698
93792
348186
71013
563126
483640
944868
50419
682321
782845
915588
745111
429002
281441
322765
428852
246435
197939
676270
797479
790362
158519
344761
437053
290142
138580
243575
483302
17989
188769
949003
481179
559241
205202
236049
489083
64732
974084
493918
387090
482501
75285
604363
578765
955313
980744
4239
212473
204686
55310
998974
92070
289068
526650
163053
178977
272724
266645
344257
312980
688565
494407
801822
957875
936246
907795
951353
203979
946872
684230
150256
432947
634103
982307
61814
509094
946835
10842
436650
531027
192361
40583
195916
668272
520827
45207
909256
997190
989304
137401
444983
581669
882740
474840
590360
698769
519121
354266
70876
885904
565573
442079
911796
498598
713268
266347
915392
848390
184187
831413
189558
343064
193702
301163
19650
242181
771006
428722
580817
176791
599792
1071
793999
834600
541946
793354
280554
816467
851942
175151
827180
366725
144294
299947
52472
687754
897255
667165
889591
614729
900863
38873
405033
400455
926870
498916
556721
583626
23537
30810
539096
130736
681110
822126
159216
690066
583979
305074
289536
580645
539607
160704
532831
418223
889468
707860
300044
414358
723275
505618
75291
539953
603432
631098