53091
998927
720541
957630
321260
43594
294201
353492
466978
743259
176380
862375
121727
968752
169525
823604
94757
975744
354258
93201
62559
594886
500524
935051
772000
788693
205162
230291
71335
281081
777690
839136
412515
337605
192904
175472
280456
527404
710337
89460
143114
661304
333832
252810
671876
279519
417840
460461
300223
851515
740421
802693
51317
460848
728135
723335
620756
931936
502171
150455
238499
353120
815056
324149
777475
408346
105111
567411
564748
717254
83367
343902
863622
582010
659580
713193
215271
473229
780477
748453
616917
395641
847498
454173
292920
325827
99518
269545
632180
895786
594867
866182
20183
850733
767287
610466
493933
981985
949202
913625
139177
416964
571177
682920
735129
480880
159881
38716
103495
778437
528846
634531
499942
561400
882164
923556
989069
843113
521506
93826
546182
795695
82657
851137
231071
314159
336035
408159
284770
936481
406026
770478
750860
327201
777944
686782
663688
372795
221461
252281
854466
732884
987259
77987
686133
699418
91222
974449
720702
639750
549868
377967
648142
51700
636706
67058
73490
510213
295542
738336
777700
759438
722724
391818
795724
157136
866886
689394
816937
680969
88590
490242
978835
628195
422281
704254
404907
624897
970026
525055
637681
292440
442829
984284
84457
177946
330106
198455
924920
928315
774097
484590
639943
796717
172695
508478
507299
312875
747093
571194
460320
453284
980093
840976
498214
626679
50721
586748
317712
245520
188853
429081
556379
980248
205322
511164
694178
397540
631453
684085
409043
365204
664221
439362
77512
191912
272720
501930
749873
307963
249405
588789
489538
397089
858126
544276
550980
283991
78348
503605
340262
501176
961100
273775
590504
458411
367887
971011
46305
807539
859460
157717
796203
242665
820524
59741
681985
251642
113989
554876
300081
642706
332134
884332
530368
839169
526031
626632
400280
617974
156148
264368
15078
871844
74805
316699
828972
354008
36772
748609
938147
677319
232751
467127
335030
798731
323188
528466
493389
598552
734767
420093
271972
224794
333566
76010
69006
704452
58508
939254
651060
829769
474377
117590
868617
589059
824105
456115
661187
810316
347952
679442
698620
887503
240635
54545
12713
480408
141446
792926
912714
471334
409414
612437
851123
715715
721928
902304
284790
897251
301182
596622
723186
198979
542304
186203
439111
846729
451805
124959
946794
296681
206183
430450
448846
167677
106267
142779
366986
196774
909348
954890
793722
65879
304978
167462
101952
689308
451191
894959
495237
741232
32104
640827
603996
900891
364006
181542
951663
508895
278910
528779
854479
979769
505910
485528
564495
609450
276765
622721
865951
806271
750244
27998
543239
988556
746571
417184
671862
174034
330844
890181
959028
457457
653311
388749
5349
196021
597999
543636
486966
980436
250456
455200
595863
913203
976868
932274
491769
541621
903172
541270
874279
231284
91296
979174
358831
784955
583809
269936
45586
142950
210963
20073
601351
68766
682589
539222
952875
343933
815822
695717
969351
942441
443059
916324
687725
571976
794022
403878
498530
744548
446907
572797
697417
313572
426196
721777
644014
909312
826154
89907
723449
948551
912728
713529
663204
976962
370668
261992
762924
443421
877014
469129
609311
665798
421689
898003
28206
194854
471873
430294
944050
178327
345831
983827
820009
754801
994052
479587
664118
638352
867686
281379
254566
397562
258
379285
562315
415819
108863
353470
708487
929092
270986
618626
232155
828318
152724
145632
790617
855629
972027
953600
372572
459847
258214
378665
746936
738383
295728
154539
405550
634467
537807
811964
901747
552005
694329
172034
852312
29772
95005
165168
573275
379
425809
947601
52457
539305
16624
822313
355567
575124
757268
124310
993811
349922
569965
920242
762715
821206
766861
571430
32941
711483
926288
517440
544774
994384
709562
41394
437288
592610
325477
72367
524430
727396
839518
564398
303084
138438
614908
669135
11341
985777
455345
328529
682938
255271
746843
909398
222202
787451
961989
966613
6169
786904
408179
246503
424297
540101
553546
161269
255442
388790
424830
688084
578707
629729
694351
565879
117636
446311
657393
259402
971119
593423
226527
657051
879001
291917
528781
464820
848180
727742
294550
621968
185954
380828
625075
246612
517865
200117
736314
692428
432153
62373
757580
719886
848813
662581
433656
522709
76162
579339
36522
70640
38564
618534
721752
974142
59040
172019
730956
775576
757654
342578
688176
228315
688619
907365
236538
79706
27559
682283
368074
812543
410009
367280
281119
744056
945496
305940
480651
837796
583143
376994
398461
813494
219478
957245
635519
725873
215069
245280
582972
987693
61496
303093
518618
279518
573073
979761
304796
75436
884753
472391
881843
459166
252515
516732
182954
175777
588979
579474
785985
193406
511425
219655
729144
478036
193821
473135
757941
935586
824670
822212
720594
801431
291038
90960
580035
239361
837381
99225
195004
221895
339914
506625
14647
8241
842825
73415
363194
851612
623302
803383
706210
472477
695385
182623
977998
688251
47685
249036
798335
833011
755080
484080
862849
611184
961002
110831
788989
855729
638090
111009
675178
581782
864735
902694
812296
195711
799559
243175
842111
211030
173344
250494
527584
703444
740766
65939
991729
691643
392418
860687
697414
499578
635772
637162
312759
117718
503447
886589
616506
143863
740891
771727
982231
665730
713158
58862
974155
543276
212458
539596
526180
338340
672041
511760
644706
230159
949017
735030
239887
921520
101236
184384
319520
73155
242012
982196
488870
301223
453974
580886
287935
552045
635124
952414
422366
64029
273132
734286
472838
274211
997181
167974
512214
473580
159135
35462
611574
263687
605357
626112
829288
154738
495329
687061
800520
323212
803542
512414
206742
631109
824765
187790
954762
577907
928189
14067
892141
751770
519278
954839
178632
64256
79561
596680
497501
749842
514562
211236
54536
91364
235350
277604
490167
260785
188473
750525
135279
460949
786327
921722
904805
585873
553363
778268
765921
154582
216279
171811
375790
661005
584018
486443
6922
453749
548789
231693
433073
740256
192566
311909
672018
211078
508127
701113
385908
357305
738844
251630
384361
270378
309921
431022
796273
237079
231143
506398
449326
731981
266213
838849
724421
100917
489802
668096
697101
955684
628556
705903
205322
132100
279652
374780
634212
705569
133105
232489
629113
863364
207266
525053
44386
957723
574094
586184
159319
671013
934425
887915
732086
274416
508890
170498
702713
234343
961051
467870
860381
155002
818591
897823
550490
230727
952285
983364
608613
630092
849733
70512
514386
26095
329220
331511
580129
216137
672733
249350
26922
202280
629360
320050
81968
293895
632466
885089
834875
174082
11728
466532
246156
632357
82172
382466
74659
326366
754642
907102
165987
33681
931044
375185
101293
51269
187139
273535
131744
492013
346601
819871
623994
391153
849449
148188
295728
359696
108934
412229
720222
626648
202952
434042
722201
861398
192475
61633
455364
459767
106194
869459
440490
568572
991009
83901
165375
66256
574871
516644
636156
180838
587804
587390
640205
73576
444485
905974
883437
521717
544782
105028
548597
937603
436944
120906
451491
875652
38259
490256
111799
569468
11052
478278
839265
950908
321203
134624
953373
874353
226749
593427
794666
763534
866089
800063
88327
374901
463392
487283
761276
635893
260848
68882
721811
286439
2775
249584
633053
399568
692114
113467
506967
967223
74498
920944
138841
36835
43351
931309
904524
729935
947366
372852
58702
938213
855554
240151
242103
291409
469266
129122
345417
619269
517530
651779
105188
479241
638884
838839
278110
554807
444671
753388
518452
172526
414220
669847
496993
839637
95743
51135
586382
191660
137853
18999
259724
615335
633487
490510
16916
186397
122217
493384
575622
882417
355400
769941
55140
749089
251073
664055
694792
744312
340543
935812
159326
19819
396585
168412
654161
772449
956139
961028
772691
712417
62377
653276
764863
301802
387756
700128
908309
902179
301616
795068
866465
697199
312258
936787
372092
88160
139323
921000
905724
801200
632212
955301
617557
566797
484070
481689
742376
463374
132256
911585
145478
624931
379189
759507
886020
778478
547569
621963
467005
575285
141706
642569
692655
227241
1942
482112
377669
473856
262975
382692
159370
786117
798998
800715
262129
836044
324163
388658
548906
60959
590735
883097
285344
167022
10247
464232
398924
201396
27107
394700
801044
799634
992335
410643
993336
13433
580022
67848
58505
991363
125228
310702
133740
767370
40024
20618
225679
494578
669650
125038
500995
652577
127895
732294
551360
560288
173986
55350
864542
209698
379135
210454
545008
878096
678163
940087
578197
189412
503598
471146
97311
85517
561578
114098
841878
188808
176135
382246
885057
742709
462392
57845
420011
291470
52452
278097
256541
254640
975191
655292
103047
984642
446847
431692
738646
628932
37605
427644
83158
866595
633458
422782
301854
137790
22003
796860
680258
605389
294514
511363
938619
897382
901247
629324
369345
229541
873837
681981
492974
887387
665325
81711
252124
345251
2633
399096
750495
491662
586522
863408
987306
737179
796893
738787
718234
202042
696735
78097
786862
590819
283208
424119
106919
261343
133029
258948
947233
724608
686053
512227
751013
254273
816634
289428
114934
420064
60715
733594
892415
786768
974292
157992
20778
471140
872053
308884
346797
11298
86100
718735
170937
861668
273098
877725
103218
54533
45077
97532
967877
243233
689226
920006
137522
342370
310617
32522
650248
860637
319601
961875
170067
308149
611747
882194
991426
568784
773839
986535
742919
574861
129409
626051
965886
707069
643799
460402
901333
111090
273134
474120
439802
964891
444371
27084
662688
567914
152910
298151
650075
224377
420439
346646
425565
45703
451271
611760
327249
485706
833414
342872
414493
945498
807944
988472
546452
427928
217941
102203
167990
949169
345640
747634
431777
161336
609886
595494
433586
103385
887170
731289
8854
162696
605388
203651
857413
458037
556135
443001
342158
499347
760666
999755
144199
87759
545813
360724
19307
799817
627259
4905
334180
325989
958134
835788
757209
837167
222658
132846
667959
806815
531076
319035
999216
640484
621045
594890
798897
406470
759007
93888
460070
679592
273245
460245
344842
497193
183029
632340
594436
46873
543907
998025
283248
168039
578030
348869
645709
867791
112852
274239
850656
554279
723124
633111
602963
724416
695503
99292
246014
952531
313052
734961
152367
929809
976647
342284
18804
117880
255857
297486
100825
88482
136234
854825
741173
414603
712618
687454
86285
692980
339316
218650
735336
955346
778708
598517
847481
295588
983581
426588
690862
859673
329905
947934
113359
919320
686672
461648
13295
485788
887351
808800
422028
219697
212641
920390
537318
138994
933086
105016
50430
34471
802769
312586
978984
593700
294073
527030
837387
717901
272710
696912
382221
100056
86586
691085
187334
83288
727530
20160
587573
36546
741191
717766
471478
392773
746681
327086
106880
619480
939550
514469
83411
320194
956641
268446
563336
819093
193196
627259
466386
705291
242973
95062
974830
848658
899660
330666
99182
145941
102885
193465
902461
704068
698494
262077
107572
600799
217852
713869
828047
76788
797406
273344
231853
179758
385227
787517
862224
190064
758031
551208
559442
449504
445638
26651
760923
514895
383464
623416
525194
730769
16329
909138
44493
641137
313195
50026
943877
392647
430707
797967
202901
526095
694345
614240
290529
559470
71746
836163
15591
590333
387271
189125
211898
933121
643063
715620
711359
14670
613476
326797
372069
728715
755009
544657
996495
607500
81846
622991
831031
916740
137209
798969
419372
239523
283992
224208
257341
201122
410666
473156
205784
514864
601347
12148
112714
537530
177832
843028
876304
817438
532010
222172
129261
160595
566552
225836
19486
253315
326521
37904
29544
81889
493120
638203
255018
519721
15088
904483
859114
945273
757087
71737
310408
486979
365976
275591
677291
997650
553249
562693
563270
377339
173159
775459
707043
550082
915421
884030
607455
625873
151640
142498
736911
40753
149044
112852
276328
143577
296294
782286
197166
52774
622747
777546
781495
786905
222394
714444
96871
593763
558745
472124
210939
516714
644149
144051
103134
287313
887894
303364
287616
249107
103419
245478
821307
518701
685271
209916
731520
816050
187489
206214
204563
790670
514437
578727
704447
623310
681893
344547
234477
528400
658837
891186
455592
153345
449593
217398
956686
557407
819794
184905
216954
81588
673484
344050
863176
421028
532052
796822
262821
145554
676877
383091
257156
792819
724534
688511
609252
297035
116514
315611
627551
393095
107916
397138
180097
973364
821953
174236
225257
631364
927590
56526
137850
303175
75987
481407
834659
99725
95978
302894
378639
106826
623381
796620
654374
343244
197388
53251
946976
416296
819837
915326
504600
311070
198565
350694
80451
428768
735068
553907
282849
980147
494554
469027
398476
86287
249400
945069
847472
114573
769534
117491
268369
782557
658606
980931
34148
222621
41877
659866
282186
319406
916520
590276
214553
411027
761649
687404
288336
401520
904392
244072
683683
524391
436597
949615
525120
600547
499246
829656
979413
261455
772932
985452
165224
375488
690656
379662
547882
206532
734676
956841
50608
117858
406348
573031
155600
298957
581757
597525
6236
304287
812400
179802
667827
948387
385300
978789
94284
438770
242596
88245
859945
106837
10557
477685
814555
321047
292407
478052
781175
146379
464181
777778
99559
58840
450895
969665
395275
499806
356527
789508
284972
24777
346043
399546
699275
773145
179937
716218
650164
197435
847921
683352
947227
117343
424700
162939
999550
668484
138541
371561
623502
146332
263401
614701
142585
174603
870615
685158
507350
73035
673297
396222
758801
147755
683022
289191
964816
53045
444045
638127
841330
869338
260930
18666
198454
626537
30190
476349
930562
819687
23087
339344
481917
322801
173919
151262
308360
437879
303075
887902
539883
24193
420079
711963
218323
287365
735755
181934
305692
169057
968608
763564
440643
349583
941077
374530
717521
621072
220694
257747
999278
249201
301223
95508
331761
928852
229543
573910
896148
725952
62608
210340
726153
936185
605943
68420
251312
926036
35139
583414
516388
765955
299337
801284
99288
936854
319439
824699
239129
627145
984067
694415
232428
543235
418441
475199
968836
734606
361294
326592
448391
804966
560562
584034
642809
696369
68655
476027
846632
165119
667220
505495
47216
731270
663989
219593
607690
383829
670663
568167
873928
76880
461192
202904
995469
634467
202353
96477
656752
665703
505794
836107
795566
747318
362988
789513
555060
41702
599811
221789
796561
281301
95651
94581
332772
712080
107602
486001
518712
561737
605773
262177
807345
53486
718697
292591
905260
400560
397873
989971
632518
155380
512962
466807
297302
916160
977525
542143
876450
693432
875378
432510
603395
189870
966258
525263
171442
648821
519571
319605
88540
762203
858614
670517
584751
237304
544204
443712
272473
126934
871163
720119
66675
931297
345757
479331
387723
394680
758846
351171
488656
165604
559622
776412
562917
765807
215027
552139
35462
884577
738222
280186
23333
776322
949706
795871
135347
212333
171467
584410
50210
282883
473972
327002
886378
30503
120230
524359
988154
481558
451067
211296
776274
735354
31864
343355
753693
290636
964343
394283
463395
530256
945596
543384
86481
474825
907658
357760
183927
717283
658722
924667
385990
826671
252649
883284
294332
73284
118853
442273
372244
363872
258426
378831
689968
362835
199785
94460
7235
450114
811770
224124
287260
491439
428598
716757
378582
48612
730876
735197
395633
131058
880650
984664
726176
918160
334349
332873
910665
126894
113590
768730
782959
732638
106534
480804
992330
692310
811923
529434
415970
948209
628442
877103
755316
759742
809707
13510
994131
822294
866613
857697
266040
810164
191093
623935
33765
372531
26385
868499
610585
509566
561377
841905
353811
375526
864384
245956
171442
158755
713213
811715
332684
807269
868102
913457
624677
113924
61587
316264
845926
369073
971623
733808
876944
663590
937842
923713
688234
218097
954430
758617
127351
20038
625373
66167
919678
111669
550556
935615
288983
656474
172626
493527
550481
461647
294255
591472
634198
579139
385707
953134
729505
542034
659843
462347
531443
615437
770721
831747
352270
96067
332344
979037
53618
57933
450719
924156
587066
649409
888671
238330
885552
255371
792628
801071
671195
360531
372548
764370
178395
670762
624993
485102
684446
743706
421398
534911
574108
29103
389617
440458
56976
756608
346798
751483
46061
443465
348757
409694
76878
506454
879749
721936
868426
96482
924495
536668
978269
239643
601096
857699
612937
951462
193339
607557
491796
949166
864535
266882
643133
906126
688628
121828
551510
121887
494985
753210
464188
936354
105493
522747
19116
396754
963726
895446
828403
295322
924823
599448
765067
155867
597521
243083
320545
735295
39373
101521
478071
661368
402324
537138
403621
22732
326589
621730
507227
660599
479628
9064
424689
638307
287789
969675
564828
948266
371079
396830
595650
72613
591076
405735
751001
153239
796996
901804
839244
493345
289857
807574
788794
235164
736349
898665
678377
141650
399278
960909
584245
724886
98190
704020
516568
322754
920491
41892
712198
554477
920099
176806
118777
386341
545017
935950
924619
534468
138984
413757
341818
676764
338133
4879
950364
514080
742696
38148
549416
983398
585248
528373
937250
601715
31370
306720
410399
287203
474664
598854
292559
791486
77517
844880
279548
954739
249447
759070
237155
990620
521576
432600
399480
360242
359098
327461
402194
904313
817967
610141
399072
489552
917289
431353
856224
493917
114888
90761
790134
210415
592742
961128
664657
959229
638955
148609
78166
683901
489437
513093
241107
771999
823138
527932
341382
726456
27133
290488
235720
230331
293316
683605
27845
861911
533001
954799
86907
677413
183230
114753
239137
725693
187512
331574
613255
557307
438870
530158
400599
775395
313532
257268
326409
601801
753796
290813
890558
105807
264736
60367
122814
74919
307253
740276
24073
89693
284456
948265
324668
142928
410213
893753
938663
516252
640303
88518
620718
594731
98804
819365
516320
185474
974381
973704
567410
300623
678061
516834
501297
370039
506883
197704
734280
348073
736634
626349
862681
933328
200324
760291
102446
705040
161769
943736
959384
158279
992572
605417
284755
621343
99128
880240
726081
44831
315051
269662
578431
850906
754039
387394
602906
78184
98177
760795
828482
153685
400987
652448
519497
961075
504534
345016
691770
437092
655040
141235
320360
837652
685875
728404
301300
669924
84438
685484
868926
926016
931437
655616
647516
130652
821096
387016
552859
331932
85808
202193
579240
218602
49109
997680
680632
296027
859495
20648
394299
744927
405560
653293
287947
563398
243250
785587
170229
704450
416396
696554
399565
602059
729145
856036
926784
370172
871851
567980
486204
452153
890864
997093
719580
783972
700457
964818
184033
64160
66811
141378
268077
524526
971190
215763
727389
489125
795670
100533
907687
463973
964833
587210
339717
181113
625695
947402
641289
294488
240440
846906
602723
136132
277553
846264
705185
583399
858305
430210
843325
424991
658255
252282
602398
26550
896714
830505
191500
230363
823901
825898
591822
424651
16187
560114
619858
50486
30767
925029
453535
382464
604129
142956
938925
61065
928384
390435
345848
56194
291053
71916
110660
52205
559129
72549
815450
950157
770897
157258
667591
88563
732358
489102
549645
440916
673054
299266
929776
432212
178587
970306
371617
708862
894619
428450
409084
528064
266122
229889
452106
170250
439320
311191
415896
681739
579441
545648
536418
872791
990774
967946
911615
558425
419684
447773
411720
149811
610646
205646
85176
943369
541224
971673
36619
35102
166309
83700
611612
444798
48367
190288
17959
903103
28905
116294
929056
652860
623931
136490
467060
902063
93516
32017
529782
732680
762188
539134
67741
729336
357977
474887
286017
885588
696431
979301
474283
117177
96842
106041
740007
355129
743567
692009
884893
716602
325417
84212
39422
541638
194500
277660
437805
628409
857031
533012
691362
771064
959470
337193
978641
953483
855002
278662
919549
634750
964074
705781
763508
119229
454626
51557
907764
987892
733932
855427
909439
149109
905933
447813
817025
364205
979300
497434
225597
87023
236878
572962
127395
390819
348290
534786
612256
154558
633685
395958
477969
712746
217591
981100
28019
170459
117419
338441
421051
669980
352062
165910
734607
191118
636292
441924
921930
527419
671608
816122
687320
434376
181888
436696
8725
244979
749996
376190
220669
534276
147955
775413
659486
746333
489323
802352
914682
648228
762974
314541
596586
484543
641360
119781
914641
878381
384858
166959
42019
822216
333312
754712
512371
557217
961683
304048
670989
980194
661639
535407
564161
397296
272194
161833
440143
649459
555954
208457
850695
940201
17414
531238
500474
769901
754726
876296
513722
197612
951272
469633
579283
142493
420554
239200
734612
75545
692192
839726
131259
999176
994112
238393
515491
814280
944191
611138
947038
95522
316146
570881
760415
826166
60427
428880
939837
555117
392985
350091
138003
537931
881588
22368
983820
615728
391256
973382
866556
355751
444792
396841
403244
584666
476640
825894
306189
201450
367268
376455
547402
554054
508448
840076
559167
737860
56700
690844
428459
251677
31084
681470
63489
243107
569038
751262
400282
365971
850928
167985
789409
871421
522120
409832
882153
645277
749983
80379
852062
727766
696999
192273
380812
768461
131795
490214
384127
399006
778181
900138
281449
201065
989615
175627
103508
70866
908828
90789
639862
537757
689312
948585
6112
451413
940358
430513
494328
628786
92979
434982
970272
914012
683005
962768
765486
503084
421753
629004
9399
344346
592107
112078
851858
564176
390736
574412
979504
587591
71520
647842
511015
578912
2159
821483
219942
645862
978030
758454
401982
420024
6212
289557
866070
116951
937359
877301
204722
81329
766706
948121
479243
346229
295773
644737
758355
906105
276715
289502
808900
16987
439254
407097
441443
331717
608956
643181
573260
402147
773039
79393
62423
645998
371512
779054
554295
256618
147594
913203
517624
508
619980
528445
532910
203397
280403
329340
155734
129219
674037
311829
738075
655229
506884
165346
188413
940561
763457
521429
207321
626112
62495
723155
762103
612482
553326
964718
546203
908900
922539
985666
368688
119169
812493
133861
520755
290287
41820
813669
156240
565443
271501
477630
188400
830661
784981
652245
218960
842438
192098
550218
968031
839356
96474
222769
336194
442212
498907
529151
868225
250861
671118
372922
583342
51759
225563
804260
341975
763921
882899
670351
364430
587600
684832
315979
165385
404060
597635
424374
957890
260776
947334
929389
534008
407883
69085
7399
322434
468826
175130
415604
26850
865370
682782
986152
196642
876739
427111
216179
751599
856305
351866
299369
800077
507584
381314
870733
56950
91499
873351
738129
162875
31753
170197
954646
545886
110308
18211
169182
387184
138637
634271
547075
142192
526653
549214
288931
189519
313698
377590
191692
391083
813006
343939
783657
206200
195422
42412
896901
351922
179294
494225
422293
59943
287695
261980
371566
51229
560555
647666
719819
600752
918593
785921
87153
731261
792712
640888
864941
328858
825374
973206
832950
632323
136970
574388
649840
572362
422385
282861
599751
544027
553703
107397
128300
363055
153849
202739
21017
911823
558258
979238
570547
197456
551256
110763
352908
278204
969250
202899
708837
158230
161266
525904
693264
331787
911105
243165
871598
726987
925110
50359
800884
839646
654525
193614
785964
438418
161854
563671
631806
560607
368474
394582
533934
952998
42931
31158
70202
207973
846652
938661
38763
13983
685626
892137
612836
424994
306404
665446
959169
211256
654695
311665
535793
824244
764177
277776
138374
212800
186018
101716
520097
114394
897862
835615
546218
916921
251138
936067
176787
105222
807685
933172
449640
715394
343321
752348
32522
952779
146173
849706
817681
680296
593458
483970
985695
274642
843428
646056
359658
222896
997967
779251
554535
394967
377918
777172
824198
108975
209355
292832
831829
453614
26726
615147
318542
983717
867692
674312
104551
16707
629103
589054
335692
338948
180572
894513
875173
758528
899314
867467
101639
795810
671977
631296
828477
55875
992441
464250
336512
954222
722878
653091
372708
464487
289171
124362
508253
123412
237633
599945
552861
459173
832378
693445
32698
723625
647331
691605
353797
200595
79521
602984
695220
619116
948610
412864
413557
252146
162890
594565
611374
162578
659092
5136
968511
798908
872159
445364
412050
502189
583438
69455
277370
126440
51298
257057
242528
729210
406563
538644
718139
747073
857654
603119
516212
259733
728300
297583
30944
946108
4341
360364
351110
881524
107055
797442
747840
578671
13793
370882
561458
444436
611634
921155
411700
135335
262246
60813
962910
29816
156923
461036
894126
126596
738064
399629
277028
245546
244218
941781
556193
782069
893128
847941
351792
263858
285842
285858
389366
316216
490960
775976
530979
88356
384003
34231
827588
675499
452785
337089
56813
463089
520548
578058
129519
604419
298472
882441
785614
619246
783918
97002
179496
323816
535378
980207
904075
983284
140554
39346
355402
169626
765893
429328
317388
879337
848203
488683
923449
95673
739270
76124
860419
727962
126878
169263
691771
647267
162866
94026
596928
382194
721988
613178
837217
160408
258852
574271
284216
655062
738431
835543
471748
918182
117479
167539
933626
925008
179185
248410
609834
396814
64436
538586
604069
782665
867737
863978
527732
175431
922477
553643
459591
469646
45308
222286
411229
185382
4129
816170
476225
581054
863405
927085
779533
249527
820432
675501
457945
312780
798092
124481
654994
930956
875909
641848
61920
16590
152640
500742
810432
160417
864226
654386
719582
372841
115505
713408
129250
141100
728297
995228
676330
198610
478156
409013
435876
521530
411401
748391
549855
886568
306992
822557
434947
174909
364139
331033
535909
373373
953686
770445
150284
347716
210813
851227
267984
550138
11029
994033
457206
856266
963608
364847
913415
518547
437200
546499
457094
956565
279283
959379
224163
540109
37834
737355
642556
928252
172548
920442
280191
485531
968730
452819
14582
729510
299052
827495
813133
541947
134935
83492
396029
168292
843421
526905
603343
692893
724947
135886
401016
198581
236386
932393
87027
983231
610684
257639
568874
469340
368350
79430
674908
706143
232834
502493
688599
111286
110086
51288
141050
102308
371884
400457
818657
333312
396029
417583
179536
58866
867127
291098
247431
683487
609823
879108
222811
817048
314668
331675
42317
654359
402988
541313
871295
632254
612266
859441
824322
540983
205985
658727
484407
574663
941304
309798
937315
386655
218404
532198
535157
294871
288290
715534
776149
539266
286426
33563
456621
86649
843532
808111
616502
440372
951166
142473
877021
354342
341381
188175
357196
807223
274108
551022
240405
987651
38324
135538
159899
764659
752181
502194
796895
255134
805784
252656
897514
896771
230696
2013
890104
322642
414526
462577
195027
985980
260395
311160
316164
136619
304968
72443
936163
757776
603244
474913
183217
666874
980580
599393
330514
244968
91749
734292
288472
539069
560795
306191
564406
859639
794952
765721
446582
900802
77326
612982
300800
445458
839794
615979
359413
982301
828272
123589
793939
244559
538568
826296
381717
306963
623781
75381
599965
58458
61828
784755
132504
851776
137394
597390
297633
769852
835328
633332
970757
709350
844658
682922
56295
993969
987479
764555
742672
506932
920770
799633
484485
424965
192996
622857
2240
804675
874708
898327
932086
769385
72337
104055
947148
338646
997499
354663
606850
410389
876233
801628
177062
743275
834537
36475
136692
313417
40385
39798
293197
850045
210299
828658
207832
746636
896444
237958
325514
200636
731338
506137
266194
379701
528465
592120
490845
476967
446509
139862
118705
749061
599304
697475
248254
307566
610543
792063
893949
582167
861401
902222
919753
682425
608247
136809
307872
363201
131864
260687
154674
310365
103751
907553
11972
486599
975033
347130
250213
749310
88522
226141
398043
662348
722349
404517
934366
420019
192013
258006
418357
281241
817478
33228
545059
679303
531076
32563
336545
207661
914168
12000
921524
267591
313233
140064
83662
985625
500620
517288
655736
321538
621574
965892
30138
460856
196256
53650
98614
544867
469319
930008
343109
214186
660109
415545
278400
868942
509129
65696
441558
872982
980672
841455
468934
291068
941822
336257
926885
962039
249554
469563
281554
391374
178593
738970
387261
911698
305194
191783
190624
361117
586999
113297
457586
559400
903991
144724
151297
908078
120543
191070
606575
841646
396626
810890
452124
592348
638277
229013
595735
818168
10738
81706
346131
130040
45663
963392
426363
78799
743732
873299
246294
283584
834125
433076
444128
24059
433874
288009
712933
457322
15807
460899
505059
540679
762847
47062
755292
269085
400623
130523
20653
678213
66572
173022
400257
411449
392093
682094
291736
381409
305469
691861
3295
188806
428392
306663
447846
545552
130069
237651
225132
382230
411944
51263
626740
410794
34969
351385
819059
103427
252465
796050
622992
397311
471839
966651
92452
819355
401222
391038
222708
872289
611695
56616
86963
765905
950271
779247
283534
855033
129603
107997
159603
632316
608691
3167
803263
915647
842078
783509
771709
233672
438678
136978
448922
403384
286790
73133
97559
467828
279626
673814
772840
602252
309835
700532
201063
154431
772733
314373
281542
904737
522058
597840
969978
89646
338310
858755
60867
894447
837501
818605
870028
849049
111080
410290
53217
154811
946777
676781
131946
704457
185203
521530
707654
88079
458842
221767
306573
543628
301920
370348
287976
497053
285535
87102
682193
91382
401827
316605
299625
827663
652757
20989
159069
902223
390910
482348
682945
185660
182714
232557
35895
38810
626527
658986
542028
87893
390022
904417
359420
967716
979803
14010
774411
782613
280231
998561
586129
903729
11946
308236
771354
243213
384887
295566
56347
183082
576249
933555
399609
994578
188615
357736
422924
59844
815055
288423
684222
284674
604212
999318
520376
103683
433843
875709
262761
776320
732574
295207
124284
44060
863875
36369
833867
957347
917404
229603
453787
141935
192828
192691
15509
714258
765959
522653
321827
83661
393783
805756
67311
530810
583766
734533
476468
299865
209917
74225
730307
813655
891905
561652
857672
499584
931643
984805
285187
534953
608636
90455
422350
131850
555894
199740
612148
843004
940526
509109
522964
215831
266341
223194
554944
910233
7011
796026
334756
69221
686003
673513
829732
458670
924244
270960
727686
192019
262784
759557
502329
678998
56612
507582
615702
651520
421553
887787
442247
633500
377285
463368
788538
99479
290133
897115
193157
146053
149685
182346
494180
667810
643427
21324
884335
855912
205076
886910
284147
813091
451069
926418
209127
878219
887549
130640
735407
32558
636305
815317
119621
762221
266248
979881
375912
638939
818084
952276
924344
203580
827782
171517
274801
611760
583501
961682
654224
919473
243515
313557
109149
525582
668047
796088
777432
839432
83813
274432
415382
789572
353526
306049
104832
197109
45170
496692
695685
65266
970292
149741
426360
807352
127755
730076
595311
247042
834950
785505
977451
896548
468002
867969
861216
336509
332339
377452
588155
895524
906989
895235
724329
787303
603684
244216
598555
442431
109544
335250
614147
541113
725012
15362
85857
858921
13967
71006
403680
71205
274259
850032
826965
718010
421335
910273
974100
678537
932525
24913
321542
851547
567117
776959
66078
346324
419054
925230
709009
827869
693477
221814
584261
227477
467120
517980
258684
411273
233309
307643
518857
393029
706879
913396
418164
881864
372321
720532
530134
57489
146390
720977
724553
707390
382475
628985
409486
544991
629181
675457
806889
524440
138098
590165
15965
889083
206847
728953
230471
567475
968554
129613
349866
124105
510851
472781
517675
814484
231330
524040
116590
599877
126961
520446
877948
729108
924472
380620
541205
30891
301045
359012
370424
848679
371571
382974
32866
188316
886213
833356
55962
583373
912099
459062
318440
651022
322736
998479
167764
14338
402412
722419
792519
44640
360632
295894
241331
991549
112100
769528
419857
106335
804784
158992
440332
858725
419201
899276
971222
121204
249361
449554
531131
698587
313844
779008
210370
805561
407004
873009
938714
392113
973290
668919
585721
985966
33491
678796
725781
131631
173092
790645
297741
896490
60987
893468
950184
469497
572174
99963
445028
389357
486240
219336
730478
643895
810256
244504
78608
354734
589523
77588
130987
673047
694068
725517
398924
212155
445315
438971
807284
47676
950506
198004
221196
197185
874022
26603
348536
204317
354380
305283
135053
613656
195291
294811
720600
113719
788038
219309
413745
141866
845500
379149
712777
396311
105021
372256
567331
360442
870465
843182
743250
950962
151009
874909
873645
967306
858060
436522
73015
407874
914348
908868
992636
566365
346785
54672
517577
879757
8683
885733
152246
9431
677839
386133
310507
161961
783498
899410
606461
323618
266984
362146
624211
623350
65842
576614
470769
971580
968881
280759
978512
644436
868010
3731
903148
785423
724351
940103
797280
446253
708306
784602
898367
544380
921875
477741
413222
218060
241983
407439
649368
324223
718230
424743
897708
85930
511938
968462
521903
93882
207037
996746
369113
786470
426654
192040
812265
137970
695221
325044
229636
284448
634217
466474
846127
258141
416790
167362
307239
730816
756229
553994
953518
60939
262038
780583
125548
538555
503165
784826
776499
837802
572371
230895
548281
523469
17625
925629
883913
209240
924503
878265
812073
326949
19537
220608
913027
559790
581642
21904
368667
666455
617566
594852
913543
794570
72984
136593
540922
693441
787785
132679
502617
452011
193008
580820
290309
649835
34271
711274
3358
350420
592232
985052
766422
938986
207166
373463
488586
645534
994150
970519
13682
96263
786218
568273
608568
398526
527096
794422
456022
128653
122405
797293
832136
876394
520319
605179
699934
980271
694067
579046
359709
97715
245784
19557
370026
824776
404678
113312
339031
889942
142799
546027
470592
581442
264634
688174
566235
848194
641343
740790
315733
569683
120701
184263
333745
219549
763296
463516
499547
372981
495708
230426
697593
281614
454474
300462
311474
546439
754107
545643
713049
528985
687963
498610
58009
638003
399328
327519
480162
674481
844590
357551
34158
728077
741469
989747
744987
100506
682781
537816
400236
337147
910156
36734
261068
268984
155394
397537
416224
894493
148398
432177
35793
697832
720931
250167
951355
479412
32452
813880
936875
113973
98604
227323
199679
739047
821942
926112
630283
157863
547139
643003
357505
650941
891347
757355
786586
923620
989496
844
843873
628826
577988
366821
416914
101429
127064
398884
791466
601174
537308
661684
479618
212108
637249
799866
905590
206061
740133
189897
498225
263342
12184
566395
59296
708306
627914
861977
491751
871871
68698
744143
816191
547781
695100
15471
805901
310422
172333
422928
373129
893251
975788
807069
894753
8627
539287
379028
993368
95878
622053
678530
671540
709309
864919
788494
478281
646891
630998
841171
168174
972921
451902
378196
276832
368290
698614
994407
697887
525865
339226
248229
754592
828477
682422
100644
901326
303860
565794
805685
442041
30265
334900
824560
176151
425411
926641
714233
345858
801128
79909
344631
170242
559958
758704
227810
983006
269212
8097
816245
852348
396174
752540
153239
218294
544263
938725
972206
935799
483671
47584
474963
267963
314643
554164
414057
351410
781496
835717
138870
714494
386800
207241
661000
688301
902846
973836
269552
291823
831751
153280
375909
642808
748289
467993
946720
540026
952771
635549
500661
121666
65054
492129
497408
157089
682436
463124
554414
946764
871482
808573
989376
378860
822819
660618
447069
268979
619261
528944
709008
433614
508065
218375
704933
778596
737643
852645
838290
423791
463560
660012
26629
685679
440435
203312
56844
926326
598493
924241
599523
851822
270186
511712
7933
492177
170009
491999
909059
239041
322368
681025
968916
78153
691988
802975
381051
409883
512506
546827
708955
686497
921257
693447
354770
4074
751232
840309
462423
550980
158454
803063
880660
47103
146646
554541
986062
860931
966730
534888
104628
828802
502568
178248
926564
892837
615183
950432
24254
607065
815926
694771
647556
647268
765050
861744
206424
653353
343335
12592
585591
178527
60746
502840
722572
924135
989511
453409
700622
561344
232964
754090
991281
507715
518397
503740
20008
797016
613974
436556
423329
844820
857206
730536
817771
848110
369573
771953
136878
831737
331099
163496
37511
249010
189228
984409
604248
87245
292847
982219
531406
264612
950386
377537
980051
886752
893011
338321
15136
612202
618185
607956
737080
369959
374387
295842
98231
902323
630646
820757
591589
312890
593365
729915
221011
415449
430990
794408
194021
256518
507229
50773
337830
913115
159552
353554
25068
736767
74279
476363
956462
781712
704152
486587
833230
477069
5772
549299
883153
427065
57885
472095
440593
931459
939961
708116
236478
712876
660719
147983
815004
887875
984670
653607
318332
365554
529857
335375
348953
15290
188050
700387
749511
974434
196136
353794
173269
478781
423189
463117
536860
69374
530340
930733
507167
609243
74561
641757
845157
178371
453542
12195
821646
742898
107749
768518
625825
463890
91534
395900
73388
377554
104937
76014
159992
539093
175379
704629
619567
217597
480280
291472
313060
568124
999525
584440
469828
541676
580864
903466
641616
930542
350781
659697
655897
746681
572721
607015
827901
323505
892288
361429
947784
78148
400182
254791
691652
831026
739406
830527
578831
123555
582901
395139
505932
474873
222987
372581
304348
916884
924236
573448
491066
719817
38578
209740
609891
842327
115282
428345
977877
959439
100386
994449
559229
123954
883602
40216
869899
509348
199031
241637
877846
931091
910371
426239
945723
404925
180627
181
14984
259261
195869
582907
594438
302865
975221
275723
119173
498172
453335
692864
990397
143280
772861
965958
798200
627261
504849
647987
848589
233568
865812
980253
140506
714657
352636
928743
623378
862611
638417
805810
943466
313772
726794
286868
624331
823136
800743
71770
877425
585144
169390
528352
629692
312422
947099
477363
636403
487988
380957
215736
171715
698235
962663
650210
568377
265279
430029
359259
277367
143541
515625
188257
302468
783356
764178
978594
169787
238666
698869
85040
745226
603603
169568
572049
137799
308665
624197
496456
160093
591950
690615
473660
579235
884320
158509
301675
632453
158189
722243
982786
454923
822020
600615
917265
285231
815412
270561
23954
103505
446963
491889
227782
704149
896054
229251
296281
358173
929820
448037
940948
680032
727472
633858
681994
897229
285343
164494
661595
629615
266821
271915
997305
748286
291057
795309
573348
280564
22106
822884
732671
471240
217638
304485
193790
995084
205411
529549
261955
934738
871037
548010
520035
935712
691956
7497
797040
196397
582255
703392
373832
348676
434237
201773
267007
518481
781493
123187
67311
940201
287229
542919
365724
455022
176418
3207
639853
737883
941970
158761
848001
335914
747266
548293
945568
276721
479081
71789
207795
135475
102337
714210
109119
294994
504200
229060
564668
845287
789109
964703
110327
687956
56932
563934
456568
903124
733224
635341
984552
413156
443341
642483
128957
629631
135180
446558
914987
535727
818477
417869
231105
243926
430293
920846
784045
566410
287356
844777
179769
778106
69715
820134
38379
419598
61424
449599
780663
485897
921704
456906
984230
390533
969105
197742
600128
761359
14330
960999
996663
318984
765630
512869
40183
976844
972343
871850
306470
365001
408723
53723
949673
871986
450178
291447
34307
7973
153250
922146
496786
595118
929379
97068
36803
123152
394534
546100
114628
93730
403768
123208
462413
343166
529980
73067
701188
232982
666616
352581
899550
686574
249232
535655
14030
376372
444326
971782
516967
620034
933534
136861
207924
762432
393842
616190
128967
547466
964510
908477
37381
722657
907682
906532
705100
316142
335834
650297
899862
21833
264868
923367
858959
37133
244955
78670
384174
577987
247209
968668
243342
88230
800700
804629
441952
277056
92639
100
601356
806060
187131
527576
941450
644764
445180
113294
436843
859556
739957
5868
966243
703141
436617
541600
17519
615908
628410
27989
984499
108219
806872
449195
350735
87441
806289
933679
633140
360347
582208
615198
168832
544808
629947
599812
97984
166133
979144
800865
104844
308190
415444
316974
23012
290222
622554
899812
785343
418419
783178
660345
88227
121137
853720
338900
188949
302981
969930
991953
894145
963862
706351
106224
478812
181880
970208
390128
587790
938236
354676
691972
881578
170773
168815
86279
803246
262985
12869
140761
715272
100284
949851
548000
23369
237109
79820
90981
147058
111660
402490
432819
481671
168414
747128
27130
729013
782669
420886
879930
693090
261045
477907
194575
254297
451619
386238
97519
95221
213762
122982
461341
209141
537314
643867
188626
576460
135794
477554
907756
805245
289072
530014
244903
889544
736681
481929
979110
364540
708381
233355
588385
663878
500137
980881
357632
453680
892419
839230
114776
628492
749319
20531
153509
435214
182284
446317
365049
787396
968753
761741
255782
19820
297399
466106
706757
565134
688428
315416
445998
268137
686722
676139
345274
285656
40071
998038
435408
97417
849724
210190
437098
36749
612479
283512
40089
963091
591548
736120
932178
158779
724115
962348
476344
798742
788490
396356
176676
482394
201447
167363
792562
439029
584349
534223
436490
320291
590874
705677
240564
724653
171418
839836
538376
601412
38542
79016
137622
919817
256922
535834
431701
852446
110820
353641
226320
278533
750014
987309
876377
632058
618310
525570
125864
589910
45253
966511
699872
475950
871938
662168
622504
222912
610409
120092
816602
21980
275067
41692
585711
741636
359610
374602
294127
511700
99004
359318
706075
346711
788014
440801
333937
565202
878706
55676
68188
124310
132009
172869
605268
164497
998469
589398
833600
80648
21943
148141
211511
258855
652441
357791
578047
534153
502654
957623
729016
258515
632216
957040
606846
224601
495897
331821
509240
182302
770194
690115
669001
225761
63569
162216
723357
525970
285255
460969
640126
725471
579158
634238
708785
28377
604372
296900
382485
81252
235676
973996
291748
363799
408193
11381
565187
728522
367842
1888
866140
466270
854777
853550
242680
619283
879324
532138
913485
485920
374155
588287
787827
127129
857236
891330
722997
399702
480849
499725
309509
107723
15064
882057
385129
433557
736491
85333
652293
505287
820103
773418
647056
373267
533019
160897
903947
595727
315225
85722
924610
818063
759309
90626
860251
605897
368603
987485
53125
709521
114916
171223
397191
843402
684929
679246
465637
662360
1356
217827
549369
425773
143200
611231
551252
820200
223909
995787
589994
844934
852594
504584
789914
591351
374143
823049
838258
320662
539593
313213
343145
28644
133110
109904
173777
230289
152632
379261
144714
620789
559459
90658
369873
319038
199895
985664
2041
400379
251166
615737
888375
737159
471533
883071
917991
303539
957612
566510
15965
978473
101929
340694
144013
872418
549785
135306
711886
632242
307507
91410
765224
513074
12623
11
983639
289596
580168
305466
690514
226909
151462
492841
949904
355593
175695
239812
947229
425410
505242
426408
874116
25055
778799
218712
845881
637505
300591
55228
448477
310479
109884
882019
206642
651318
197538
437627
268636
684025
621615
452679
272515
214891
701230
730483
166858
395741
313776
622373
913001
857262
239780
879066
232710
393198
221047
566337
437381
542862
305518
466364
256904
65542
604499
456748
409121
482115
484354
998912
373849
766902
615636
651287
731098
931935
353575
717859
577726
791995
842888
918895
578002
558653
99394
518207
236352
642594
675605
909628
840410
41716
376246
409882
133318
988775
495898
611006
598068
428450
617141
567450
915307
891803
747816
935481
440589
532871
960340
104682
621496
662599
879843
649645
663225
647867
5467
745402
802203
842009
126395
258255
963356
653595
787358
894291
754616
232465
434998
311350
783371
282520
838088
162645
409533
523981
441200
848502
929529
572491
126947
208732
823130
793014
795345
88030
332575
923560
576490
969765
149564
789798
330600
639202
673937
952316
154089
281936
809817
321336
460250
290291
430900
401809
456693
586626
681029
342028
294923
872802
142100
428241
405795
692420
253317
787618
823307
564328
911782
553130
801354
667827
153928
505285
981532
774938
93561
667171
44951
668663
338227
679939
822395
524932
105349
835350
972256
725995
814667
536289
106165
282859
220161
137738
274184
533167
984522
876036
469353
649142
673287
717742
752293
229248
381663
832950
404953
946325
96762
411269
715407
394477
575324
631466
979550
834176
122242
548196
45410
6117
368502
145977
946144
90312
699628
945063
997890
942874
351633
78539
275832
509180
299796
230074
461480
381317
235172
136381
883693
62951
405309
381563
330117
152789
858027
223967
282023
546201
294826
182038
335698
250825
758921
839751
754901
444024
621517
379241
64970
306553
124852
220236
89963
872141
389000
119746
354381
747371
97782
574000
200061
993077
951168
512770
982657
908822
805944
827298
264792
377564
520344
274631
331715
250551
879112
29590
542851
851337
937732
822754
275054
830213
206822
433283
410261
499996
757331
339783
234838
631705
928076
729022
381777
139739
666189
92403
788673
650732
239728
682860
323345
270815
7306
774006
494981
73771
472671
599231
766216
829793
918354
499447
777326
924026
217719
990546
243933
144869
899090
849781
852441
704113
815270
610751
325150
652352
948639
744076
885226
731825
879306
266123
147874
847796
937389
504213
944756
831275
464326
383409
764874
863824
671598
579278
728678
942248
297717
601588
741795
375938
874173
962105
53240
561743
806478
813709
512367
590606
304817
946978
23395
801871
123947
400326
752789
890356
643099
721251
822430
754175
191047
504292
626627
842877
802304
936593
165183
302522
403097
601118
82420
485972
678477
407107
283012
660954
999059
275888
847198
106164
553495
924797
211107
758948
696614
535346
433947
305710
437602
57150
813643
382384
997796
252145
661740
723580
820733
908357
210369
913487
298122
851590
17778
557055
184063
674344
739122
155084
842046
946965
358909
21408
874444
47184
56972
687466
909747
331235
895163
594589
630114
942094
273954
682950
721854
750246
250652
995187
513062
988578
62412
719985
19273
741313
396432
690612
269941
698013
410934
53817
352518
246861
878947
579044
298602
395211
739135
586620
214718
566587
654853
941964
432248
81125
405473
614266
826534
920364
780566
278849
470143
888872
427919
709074
980758
477762
189585
340224
342215
721918
91725
425967
846662
366092
117244
268591
319682
969022
358953
783856
425113
174021
372816
134738
577115
187083
342612
480709
443366
529067
692415
766340
243951
598345
240125
589546
949446
849321
973726
446477
60123
682446
994557
539783
752056
339456
738681
933548
337261
120447
251122
115297
252951
239684
289871
500323
315752
766878
633187
326038
773316
561218
994443
6392
172884
480438
840686
590761
863632
192176
87848
880917
766101
309894
829602
729494
556262
471266
843232
464441
863344
672170
648108
970921
385521
660149
970194
555660
249212
298732
667587
454522
587398
572276
912449
139139
288876
427300
228656
913848
544464
157750
944385
183155
858749
985483
472511
409452
917964
361829
986661
80827
241387
285957
928721
321264
143805
565581
721538
778698
77213
230821
162463
441269
31702
570261
120517
985206
381788
37887
413697
99396
481784
317633
859579
323033
172924
539132
112556
725431
626588
565277
146285
726459
72870
478717
907145
961569
119013
369307
905213
13871
593173
535943
828228
130070
347994
830735
254354
319506
393124
95228
735492
410577
68002
269574
672467
942790
219841
665488
698744
508540
298090
464697
18027
617219
688840
25647
600377
49259
545557
752482
347998
974665
697707
690148
844183
144167
334099
424157
42433
406414
600899
800541
578458
46237
861486
82535
653221
216275
806516
922172
932883
584931
939851
617328
544048
666228
544939
832430
500805
836777
883886
528358
955420
287216
634370
492841
215462
944232
578597
773342
614699
151935
718827
925299
716137
504413
16351
687803
778368
9997
518064
70749
989800
252342
96299
874254
222305
571465
399713
780402
573120
71854
972013
713520
848346
499150
399668
943635
847638
410293
592842
381860
867269
49281
733897
63460
765949
753291
329792
904631
849512
132121
90966
439262
966307
727411
434109
508903
3159
536763
553708
665787
665286
366344
562798
928473
983288
726345
542163
327461
428483
83041
105379
874842
118389
464971
467015
541428
896967
90262
868657
807697
513994
664186
368681
742900
800043
231869
576141
695253
442530
378033
50157
77650
129170
891167
411405
712476
950412
277590
187469
933854
602376
532015
311946
931465
890557
165045
440209
335743
143268
152432
166511
979925
38380
487752
143892
123091
989773
24829
823498
446527
319882
377386
731674
993833
492912
554055
183973
965755
80692
868912
387123
105299
989365
496854
338272
680932
171975
172111
89647
92155
131289
939873
237387
787547
924392
823400
362853
91269
815964
507465
99293
9897
436043
743138
6245
426919
595515
884962
833593
795108
573889
41085
231238
60997
253088
89361
703306
89641
75752
661025
109874
834876
37086
778504
253452
224689
926141
29627
293707
625967
692859
927484
932245
421692
784006
838321
255469
475226
76396
900305
211239
834157
242856
195511
108347
541717
154801
607887
554134
993080
799919
298101
355418
802750
932969
293798
68885
248599
637343
349880
198428
89172
497841
436063
873897
31859
93955
886372
677950
983131
896626
169671
242247
847464
697573
532840
625838
130722
773593
495609
744902
640775
795287
274694
904893
337428
611
687249
875861
794404
437815
606664
141133
750038
214580
661069
571448
775316
335069
523415
676114
535709
244484
335168
498213
16096
383181
603300
806742
541844
737333
3342
624584
723895
284711
647379
233076
218860
391115
146141
451750
959778
195361
572834
264482
979516
599289
166591
820802
512326
27388
175629
981699
583838
956295
485422
73684
138138
676588
904676
539486
601366
299406
843838
406010
582395
435115
470861
966717
703612
690858
770558
647108
166649
160331
648716
319711
308002
734590
508487
817725
988986
34613
403640
346861
792845
904097
737967
588231
28696
866965
577164
718017
595318
242052
670517
63700
202437
221227
264078
263587
840059
857866
966121
583126
898824
69708
91415
328796
866228
415198
338713
30097
507219
662595
235555
359595
259998
916199
406718
748038
515541
398809
573092
775932
925886
350244
777175
593828
567730
717056
940362
204810
587693
955241
741998
107398
397391
977711
330395
339149
248515
469724
79165
210887
398463
458701
552466
864816
577884
331037
432437
223208
922909
706481
119301
643319
956536
757162
507323
126627
277974
684126
990426
767062
716536
281115
53056
607121
609562
976351
705722
727328
796346
409303
412229
961023
775014
283152
821205
937618
318366
444923
998265
865699
833244
872790
557460
754683
812080
10934
664165
817328
653757
767219
484467
573593
985058
737853
911826
670401
634536
551282
766142
361720
100538
700293
648859
980367
50284
49157
911379
691677
8519
596965
953828
864835
525874
94141
948316
916158
604890
254475
900769
274407
187394
980463
820881
875666
911724
565136
7495
401366
959176
202366
771107
559619
977379
534437
601303
936550
916000
110655
52844
417287
80230
95530
69517
461596
615561
757713
822936
382689
84725
394189
954698
243456
548709
588754
306267
621033
44695
513458
997154
622118
866641
261714
129444
538834
458288
229241
181396
776063
385467
827725
964052
852523
899074
569588
158289
105786
155900
869435
885887
176984
452447
455214
343779
152883
495658
811689
973546
502255
464004
40468
258758
831788
620085
524545
144789
441787
650109
280433
154438
191619
2915
17983
290279
259458
35357
372679
21265
389209
559342
789551
586319
952511
320086
219381
34709
854014
911071
764431
851835
142079
631927
801493
850613
479180
295474
853336
404835
877709
681784
730933
458697
617477
225512
116453
852271
374446
714148
824614
257972
879148
995823
18808
814041
31609
289320
11174
392412
32021
265474
860209
582718
790742
992959
198333
532225
682980
461846
896475
160443
548040
416511
790419
41721
455823
109650
703304
805285
707971
503689
708090
292423
805812
628839
281272
383349
227472
823643
438392
541287
757391
802170
830414
354736
889522
922207
59804
300548
211219
614666
128094
39786
24218
642155
321515
79281
879629
129026
924162
885962
734304
111554
479058
616248
112827
367451
592953
881571
398108
823535
900392
18548
513357
411445
352132
746307
511881
261650
259765
497232
697550
283794
72388
947303
364809
992858
350443
502356
267358
498624
745232
333663
727137
542925
604301
467803
51911
982537
434724
572407
886681
600458
55118
290789
639411
957063
782163
998172
194437
582418
774073
999923
95496
317016
399768
392201
966763
495708
624615
870907
605734
684457
127105
955474
967091
480814
486492
826099
897444
884405
624925
815493
993616
958931
368093
301796
346477
995348
764905
104426
919198
662041
136605
615070
716571
595430
625002
616939
215098
786320
375726
352470
356706
399134
815754
329617
104826
879513
659522
51014
820770
946544
523634
981127
147820
959202
756960
683388
602469
490857
26527
364706
51427
388087
195943
460225
874018
266283
75570
292708
19749
96817
645256
147601
76566
694369
281648
184999
567302
62139
89402
368810
588979
141459
408576
829384
41940
608881
103012
146281
843095
155726
356861
543174
19133
68813
456565
511675
130647
488701
584221
668650
279232
834998
83818
822405
761308
216338
608289
802615
803439
738473
605083
899231
684385
701567
580423
503365
469089
905954
394722
300199
206495
439408
542616
533891
537421
925029
739050
20978
69328
876394
756298
580141
673741
156904
907448
456830
711765
805109
698185
327444
304345
253720
487830
47810
881223
322567
442572
765455
21821
616914
461180
760207
604000
28105
883015
294510
696932
300194
235926
142160
583956
833274
766786
119889
537971
684544
832066
893902
366092
627816
13376
780118
833745
638474
559535
411722
461079
464711
615455
402563
522479
16351
56542
936667
640624
737780
819343
539874
58913
154002
21817
419235
57213
315187
769482
47671
416757
737312
992714
537622
566908
817233
972333
339575
644967
79391
413730
154881
482433
730845
330639
418220
292401
153348
603271
378369
34847
763959
255259
537802
652859
526093
719606
896068
622494
238612
98833
874549
164530
951771
799355
285283
415491
296749
781939
334967
158895
882404
312450
618196
862399
368569
204288
594297
64777
637398
730407
358073
848522
737855
610764
967761
120250
162513
334561
912534
501708
964875
973288
579936
473305
362857
404230
228127
583778
33493
954175
405070
905070
9894
367398
229557
781255
518885
833868
986555
133578
486484
340257
272869
399448
273720
104781
397623
179919
233396
407315
689425
798434
875292
315445
319839
784550
424651
854067
148890
266609
159495
449765
602974
670315
709432
870323
682395
139549
459126
90443
634007
449230
380884
533785
423426
73577
193393
697405
243947
479886
586861
177048
488969
329995
275049
477608
7583
722569
959533
723475
891869
344500
165662
754840
159599
812371
250012
370501
226337
849176
672469
695458
64668
13471
830773
842364
956220
739286
372843
17430
276447
653310
301211
318312
130972
497635
967841
394631
672379
956384
167490
697061
694624
647788
256635
939052
370316
466798
460819
981034
168701
211015
405867
471929
794275
869066
811325
587467
963706
745490
946081
260622
316924
320468
884057
163732
729752
515714
634541
379188
678631
257651
870307
79094
824699
610867
765971
92145
201703
250026
270170
624751
668698
387847
392427
356774
313077
50493
202355
276733
953005
587926
517263
614439
219854
333013
983515
61766
448402
957334
576443
969049
598638
489351
577020
21978
713623
713558
350695
580629
185267
437791
464694
569867
531217
609878
579325
802829
970431
980439
605152
58908
449663
152106
949373
399472
810175
393933
431050
193395
189597
967581
986348
343519
51358
373001
244849
227297
679502
792646
622732
282356
955994
549956
994888
317778
952145
602952
472574
205430
1841
253205
589920
688000
957390
354017
746369
603503
706329
993360
330376
268700
494086
479309
758821
236063
483814
917525
311556
895329
717367
25220
454996
8735
357548
855528
195866
273380
144417
921876
998826
778612
952121
924578
206943
560823
255180
990924
605272
427010
76463
971017
215019
103088
626037
98796
893605
741321
428736
327626
667932
428025
318945
676730
912089
193127
482650
301922
75041
14725
204621
752321
200213
195387
909230
206943
703422
926312
508948
42508
833132
987116
971086
260328
767824
764036
156062
477401
518003
744475
434507
188002
431915
772181
696469
272298
242861
781594
837307
794479
120770
612202
774683
188633
794610
794647
825239
294937
444386
660539
646449
167919
533837
155764
722416
808952
60271
493341
725054
855277
44188
693744
369807
121787
561268
718283
263081
189769
284272
114894
874302
784694
154282
693237
680109
764384
566544
466094
31255
684467
381323
345649
571052
884585
487631
745952
884921
705100
967420
476334
937536
160121
923013
903112
885027
168283
703508
656876
664877
417699
954088
168503
574159
680137
450633
115581
955577
987076
614165
128998
114766
117817
486170
840379
950104
456299
866707
458426
134039
836535
668123
947768
437318
451719
294028
155575
470731
679581
193322
829954
258889
577766
462022
145428
907451
345688
57681
342944
30222
764164
423745
355785
749227
8915
999646
334420
103629
130809
401030
516607
309839
183391
590652
996936
956075
826071
593281
155657
658820
794471
240663
96396
992775
924024
442873
859422
360204
772616
812792
282491
647355
926481
461983
609349
997695
33566
345968
451412
684485
984533
770075
969647
753936
929600
477812
482209
187188
744961
642297
171205
628254
492188
714407
927762
946387
278128
895606
444610
787133
212546
662985
826373
925697
580660
959812
348679
490583
594722
683446
434999
520336
823917
286555
378266
583047
183483
649265
838908
906913
944428
802261
912970
409176
929121
676962
409122
999930
693500
776857
251141
569460
203206
350270
696972
951021
54373
555697
722704
870563
383327
451504
461162
586409
305644
951322
59431
950764
591110
849761
173975
834709
564594
985213
646831
438109
737438
273703
931570
405028
727433
583187
731839
641095
655646
656964
332314
46715
439269
953032
259846
992388
477215
819071
145095
351029
975957
768068
575451
287548
903319
135163
846165
741159
95490
699229
915399
859950
474037
641249
557986
877443
40341
776354
317375
91134
269727
745252
551924
126866
615137
875629
640211
620730
514373
313657
82083
508314
22277
869674
530840
667521
917568
866592
124071
793606
569069
747735
890542
29079
367926
593746
944310
595528
266075
371228
493265
969926
302772
186523
274533
459292
672197
482257
327787
278969
5087
361816
374554
727441
590900
193418
694305
978195
41576
431205
686367
256448
737061
28328
301722
374237
281837
468180
536243
4484
328937
239820
165729
371825
787209
830816
764182
730062
97688
267213
616029
892738
477016
52693
160334
51017
433406
689963
772011
589125
361270
88774
299442
862255
210599
959883
485667
828857
547210
684314
645305
125923
636280
683383
375672
882107
683368
387475
542330
17550
765887
601926
124020
8009
500990
562603
848400
929998
957690
952228
699096
322747
338891
821233
932385
276086
728778
958485
376306
816794
423498
35803
758225
512213
235817
290737
944707
127705
809719
262123
184243
258796
105545
919583
987678
925068
753111
854992
201584
516912
896899
516168
981686
467916
314269
876130
33745
902170
978970
881934
325410
23305
352566
622583
689013
811256
238368
260183
862219
366738
230821
827542
314311
461668
688408
440740
698661
642614
642123
827759
761033
538135
57797
467755
285206
345045
459153
311763
991676
475789
863069
585534
863789
251038
551158
534050
287017
756718
552025
872765
278430
76503
26050
71433
704268
548878
450299
172240
599224
77374
593637
279002
485875
20841
725324
987714
311774
317208
369160
300888
377738
146165
604026
261717
275890
859455
424872
980107
60710
903436
954376
813
194505
210358
210664
678190
798345
938513
952315
105973
356077
598293
549398
693510
37834
458042
350045
555509
473749
800388
975237
663175
566390
395486
85410
390842
199661
571764
234346
494392
276323
175843
345709
915949
358916
52100
30007
777077
753591
793521
244149
645353
618235
557442
919993
990628
580415
831761
106172
228604
576508
943011
927827
703350
124405
699616
176336
783080
53881
715426
28206
703362
284039
408736
668177
1791
824320
980120
259902
426892
589799
791464
523812
634495
92834
481774
302357
283184
734123
544104
267800
154379
101015
690973
187947
611310
783911
634082
160587
193979
981625
428677
628468
165600
653062
264885
372037
115811
229491
370514
999916
151696
104106
540456
715541
204366
892167
865973
212048
561042
747591
820265
781551
444005
207592
725798
807589
847087
45842
882773
884547
805204
195743
745959
10333
551875
24212
43462
963964
618731
316390
110645
658848
87083
401009
590334
942926
225532
559797
22854
701265
801698
870413
441992
753774
622338
75124
847499
33241
251656
605114
396576
78957
822486
768029
764516
384229
49455
442413
280777
810662
825580
988855
40334
158359
833717
104104
295632
48697
338030
638594
961943
673001
788751
162790
360457
938570
316823
637327
283717
196437
677457
229063
351812
976722
616522
947099
572267
495047
857817
533746
357173
393209
606462
788780
211093
409880
310318
688904
391502
161841
292639
840642
811973
713973
92542
119196
332203
985408
842060
745812
946816
994860
441129
914977
695177
262312
66076
486264
674324
514755
70238
736265
16493
679119
590713
828200
224397
605556
740463
55183
210682
719342
356928
379145
962375
732226
150209
727467
5109
538102
102053
647607
884137
501746
723691
471644
665125
729807
334643
537610
500626
337247
724469
707321
85844
433532
290769
220137
484430
820083
347520
980583
714980
522556
628480
621119
125505
974561
345051
198437
230304
398101
903013
553431
659558
100586
766000
87118
363847
265847
479053
654876
604636
234659
369324
431629
886386
132911
520331
511175
534233
260528
691375
796292
332686
682180
27726
423936
685025
489380
142621
372400
298626
249633
813751
263325
37046
172879
152859
569436
921790
555793
15841
505290
841966
128749
862229
125981
640406
774246
647397
688853
293400
358022
35503
829708
362557
243694
355802
456651
263951
953801
35548
681209
32522
837479
395257
701775
157818
749665
166781
817206
281268
654282
377874
612277
266332
298255
739398
608136
719880
107455
809672
643485
641433
136572
803275
419737
851529
443741
712296
962428
936819
11179
658473
723229
828738
995577
235835
29773
825294
414877
846024
638003
996034
17024
686326
79873
968478
910783
752169
328399
626783
413658
949729
339712
292403
842082
474857
69154
801581
52200
138404
4727
181710
580204
581974
965789
781691
925385
937015
694856
540240
522914
108358
937378
61779
481472
32978
879753
468443
900340
24512
991931
372002
160871
790028
31689
821696
21932
552921
355471
83709
467236
312695
525867
164845
657143
171397
399186
85179
331618
80017
629941
882161
262707
847774
463596
729997
414842
197876
475196
197735
379706
965522
820559
268812
393193
712798
565958
774741
225101
767618
404667
561198
947152
532668
822773
524940
870606
840552
136760
214767
361384
825550
245232
376462
244373
289044
707591
583670
581346
857185
973382
998971
837188
353939
569021
642441
766831
608316
962438
351271
173411
547016
876554
550967
157683
280441
787621
979294
336380
35674
417514
612119
938834
200685
835986
572888
176074
985011
511532
261242
138634
597444
619464
575083
136026
846572
900986
600637
421684
132934
293577
126710
892038
626409
516071
913289
637741
356916
947627
443043
696692
958847
502240
909184
273994
308775
429875
181218
90100
174730
876630
175536
841635
511625
579729
748373
200293
587062
273429
114926
301067
675432
622400
450357
56888
810947
335764
929970
752450
190038
571287
606317
874195
157457
971373
419611
445045
256952
249606
214149
776875
407192
674630
288344
405614
285779
559179
704169
223061
250848
149166
794309
113194
168395
745611
832723
875682
678627
308923
384713
153203
905721
247321
467687
902667
954157
841399
424532
936954
936088
940141
768334
543526
693549
821299
501588
72733
241286
626751
780071
242179
964790
34726
249062
431813
899440
880503
596369
384664
444370
545498
657934
471377
872630
842643
458381
773109
866057
387987
796256
751663
357023
83123
670648
665030
434956
714863
260309
490749
652471
553438
102300
242004
714637
410559
615451
106682
790427
903299
428325
772897
801887
664968
242689
681531
880891
305844
159033
876136
826723
221772
971956
449939
43157
144412
447649
457359
593984
930649
475277
815678
205422
551821
849559
109311
654073
869234
591621
230259
37506
431409
96391
758363
444043
34155
967336
112460
796976
8454
601449
675241
828034
277879
306422
899334
583671
848018
324823
863939
810718
384539
111506
133665
365963
994371
667127
172044
895054
64057
379914
995731
721689
852337
756378
647777
259120
841840
436634
41443
795205
554590
350518
745955
190568
620786
506324
800572
646248
340079
293762
551468
418134
523576
662518
491334
854178
365533
430465
740606
311780
12837
412879
654352
912417
360829
518055
482319
116050
229604
908113
603875
795755
466624
54967
536787
727841
186218
974270
708847
187162
203255
397850
20093
972644
41937
43608
304847
11635
583393
152522
765753
963365
741028
168078
515203
776189
722296
344738
62161
322900
61295
542268
705734
178662
16686
430686
518183
421378
563708
693458
650565
356686
217358
792939
684400
888706
795581
625486
176183
200719
22919
502070
217241
476876
954150
263771
388671
608226
415118
696930
243678
249878
580544
569085
782626
745311
980356
172791
312035
251126
461523
755426
790303
983308
572184
923806
96821
982474
978012
236136
445274
757353
83337
604290
748870
97543
725004
930194
223909
90047
194203
878010
126014
797762
763320
386497
761590
738250
927723
52739
666921
922638
129171
200766
710816
269699
729999
106613
878985
900328
622862
695194
408893
756208
70226
971808
643503
730322
788069
926749
935361
33943
510795
742312
489560
184937
993217
711232
977347
513542
365014
922988
814851
613050
408610
105879
638771
688914
144860
863736
448457
663185
174201
670521
307366
825555
350506
620571
580149
195220
880713
288450
298264
221350
776693
682729
773905
977153
283889
32943
727606
596579
114968
394225
780559
563728
359312
60091
123693
723147
54406
984196
630076
376165
777175
699466
948630
478947
929258
415371
205259
401224
841229
803846
551734
655416
235143
734400
24138
532925
276970
390833
435897
961793
263991
613260
272955
407154
957337
271462
112659
254218
558682
274925
664013
502000
855196
959987
212348
645784
497871
413091
264024
352001
265581
287731
481268
415110
752995
770620
65701
174450
360167
406223
872579
950097
407444
414279
947775
626972
758641
877718
391481
327773
644156
402335
451909
753734
91332
697319
843083
540459
672356
915663
299023
586780
802283
33092
762685
987290
270404
147177
334932
268126
545979
640956
875085
448967
911393
141390
203596
719319
237713
494464
650450
144394
793981
418101
860647
416988
998488
259688
178042
917440
79975
590890
186590
517727
666581
520420
979030
778439
33139
811441
999527
142910
724344
273651
734439
711418
624616
562537
260894
207253
104407
372218
554918
263626
769199
901192
91375
52712
941512
324158
827630
943213
350875
660478
197542
317017
627523
101144
986490
937482
108734
107742
512605
177739
667435
587813
237591
919354
251123
557977
55417
629918
613249
625315
728207
674429
773323
809291
709357
689618
713961
300051
651690
652339
904839
580128
459136
829637
844578
502288
258394
996079
658400
525537
737986
248718
211718
144609
432549
741357
175390
335582
108553
672645
486495
188753
921561
941093
164332
418687
691492
904303
356088
584719
481905
108216
682579
19282
622357
756005
964636
217598
357701
58759
4615
74951
144967
127860
568430
412736
770591
993457
302267
939493
640869
838905
973925
683442
588838
672523
498589
510822
692606
305086
553530
813175
990894
235117
25815
575752
444213
410229
605290
978339
270928
930066
992789
696468
659864
490926
359361
525739
253343
972185
895836
355328
181158
386623
348885
420527
343217
929707
119371
310587
843070
876264
944079
122288
157735
961742
604336
754780
565271
753662
541104
339153
490985
991123
704188
758820
296665
445875
229960
481443
537593
235215
668569
331240
564347
105744
202692
855055
806060
25829
422758
535480
357082
967305
787780
835348
128916
373910
2205
4745
149236
653010
244503
279188
290878
759289
444195
347637
390815
530492
191455
146873
37574
282436
353755
207996
676149
619768
17675
424421
81299
349170
220370
272992
60278
423711
172789
490421
662514
116804
791896
639394
554870
559144
504582
109932
953071
180411
527439
408511
133803
317061
847515
301015
261795
47959
165081
534498
603507
278200
600396
484567
568363
35041
840101
578127
894720
868543
522356
444551
150865
222853
312022
393530
80566
932380
450141
946274
132113
715403
339866
969064
262432
259686
480017
141669
287590
330635
713747
619075
100058
236203
941039
513910
896465
756228
735636
188296
61310
43982
599401
595140
536360
54217
828122
484526
113530
991656
399636
436563
758307
251723
937981
52987
301190
366840
664091
411604
908626
755505
755647
437557
906800
31920
403069
246947
585378
666024
32553
793541
658107
330393
455074
247038
477188
930540
625776
700023
539520
743171
390290
459620
806379
2202
634394
894657
290026
343395